  1000        0.0659
  1001       -0.1241
  1002       -0.1208
  1003       -0.1801
  1004       -0.0711
  1005       -0.1334
  1006       -0.0644
  1007        0.0042
  1008       -0.1288
  1009       -0.0296
  1010        0.1187
  1011       -0.1252
  1012       -0.1634
  1013       -0.0791
  1014       -0.1120
  1015       -0.1146
  1016       -0.1206
  1017       -0.0815
  1018       -0.2031
  1019        0.0305
  1020        0.1098
  1021        0.0244
  1022       -0.0743
  1023       -0.0323
  1024       -0.0434
  1025       -0.0258
  1026       -0.0931
  1027        0.0197
  1028       -0.0870
  1029       -0.0608
  1030       -0.0906
  1031       -0.1288
  1032       -0.0155
  1033       -0.1717
  1034       -0.1767
  1035       -0.1383
  1036       -0.0283
  1037        0.0779
  1038       -0.0952
  1039       -0.0929
  1040       -0.0683
  1041       -0.0524
  1042       -0.0295
  1043       -0.0164
  1044        0.0839
  1045        0.1273
  1046       -0.0109
  1047       -0.1507
  1048       -0.0062
  1049       -0.0739
  1050       -0.0779
  1051        0.1160
  1052        0.0116
  1053       -0.0901
  1054       -0.1664
  1055       -0.1736
  1056       -0.1095
  1057        0.0059
  1058       -0.0041
  1059       -0.2735
  1060       -0.1090
  1061        0.0198
  1062       -0.0107
  1063       -0.1297
  1064        0.0152
  1065       -0.1335
  1066        0.0694
  1067        0.0383
  1068       -0.1869
  1069       -0.0901
  1070        0.0099
  1071       -0.0084
  1072        0.0937
  1073       -0.0188
  1074       -0.0260
  1075        0.0501
  1076       -0.0328
  1077       -0.1232
  1078       -0.2610
  1079        0.1190
  1080        0.1137
  1081        0.0282
  1082       -0.1205
  1083       -0.0790
  1084        0.1190
  1085        0.0250
  1086        0.1898
  1087       -0.0851
  1088       -0.0648
  1089       -0.1462
  1090        0.1041
  1091        0.1366
  1092        0.1638
  1093       -0.1066
  1094       -0.1207
  1095        0.0018
  1096        0.0171
  1097       -0.0787
  1098       -0.1462
  1099        0.0359
  1100       -0.0225
  1101        0.1337
  1102       -0.0156
  1103       -0.0027
  1104       -0.0307
  1105       -0.0515
  1106        0.0515
  1107        0.1104
  1108        0.0680
  1109       -0.0643
  1110       -0.2113
  1111        0.0349
  1112        0.0085
  1113       -0.0860
  1114       -0.1815
  1115       -0.1393
  1116       -0.0428
  1117       -0.0123
  1118       -0.0911
  1119       -0.0973
  1120       -0.2033
  1121       -0.2245
  1122       -0.0110
  1123       -0.1419
  1124        0.0026
  1125        0.0446
  1126       -0.0528
  1127       -0.1622
  1128       -0.0697
  1129       -0.0248
  1130       -0.1669
  1131       -0.0945
  1132       -0.1248
  1133       -0.0968
  1134       -0.0205
  1135       -0.0868
  1136       -0.1304
  1137       -0.0923
  1138       -0.0927
  1139       -0.1907
  1140       -0.1235
  1141       -0.0863
  1142       -0.2548
  1143       -0.0265
  1144       -0.2160
  1145       -0.1974
  1146       -0.1456
  1147       -0.0755
  1148        0.0075
  1149       -0.0651
  1150       -0.1089
  1151       -0.0945
  1152        0.0756
  1153        0.0673
  1154        0.0621
  1155       -0.0671
  1156       -0.0606
  1157        0.0139
  1158        0.0395
  1159       -0.1338
  1160        0.0004
  1161        0.0675
  1162       -0.1232
  1163       -0.0586
  1164        0.0893
  1165        0.0321
  1166        0.0931
  1167        0.0733
  1168        0.1480
  1169        0.0946
  1170        0.1422
  1171        0.1656
  1172        0.1504
  1173        0.0490
  1174        0.0760
  1175        0.0575
  1176       -0.0220
  1177       -0.1274
  1178       -0.1111
  1179       -0.1076
  1180        0.1698
  1181        0.0998
  1182       -0.0916
  1183       -0.0106
  1184        0.0759
  1185       -0.1484
  1186       -0.0776
  1187       -0.0194
  1188        0.0516
  1189       -0.0337
  1190        0.2109
  1191       -0.1577
  1192       -0.1858
  1193        0.1555
  1194       -0.2672
  1195       -0.1236
  1196       -0.2749
  1197       -0.2191
  1198       -0.0511
  1199       -0.1210
  1200       -0.2004
  1201       -0.3214
  1202       -0.0857
  1203        0.0395
  1204       -0.1372
  1205       -0.1418
  1206       -0.2647
  1207       -0.2057
  1208       -0.3181
  1209       -0.1412
  1210       -0.2273
  1211       -0.0209
  1212       -0.0359
  1213       -0.1181
  1214       -0.0617
  1215        0.0019
  1216       -0.0661
  1217       -0.2227
  1218       -0.0911
  1219       -0.2448
  1220       -0.0451
  1221        0.0907
  1222        0.0961
  1223        0.0023
  1224        0.1779
  1225        0.0668
  1226       -0.1690
  1227       -0.1773
  1228       -0.1163
  1229       -0.1908
  1230       -0.1723
  1231        0.0255
  1232       -0.1124
  1233       -0.0951
  1234       -0.1575
  1235       -0.0758
  1236       -0.1272
  1237       -0.1646
  1238       -0.0490
  1239       -0.1584
  1240       -0.0291
  1241       -0.1701
  1242       -0.1080
  1243       -0.1007
  1244       -0.2333
  1245       -0.0916
  1246       -0.1173
  1247       -0.2027
  1248        0.1464
  1249        0.2717
  1250        0.0380
  1251       -0.1547
  1252        0.1030
  1253        0.2567
  1254        0.0454
  1255       -0.0011
  1256       -0.1506
  1257       -0.1876
  1258       -0.1059
  1259        0.0147
  1260       -0.1349
  1261       -0.1821
  1262       -0.2391
  1263       -0.2551
  1264       -0.0721
  1265       -0.1117
  1266       -0.1331
  1267       -0.1387
  1268       -0.1540
  1269       -0.0506
  1270       -0.0911
  1271       -0.0297
  1272       -0.0083
  1273       -0.0064
  1274       -0.0456
  1275        0.0554
  1276       -0.0403
  1277       -0.1151
  1278       -0.1274
  1279       -0.0681
  1280       -0.0314
  1281       -0.1193
  1282       -0.0168
  1283        0.1033
  1284       -0.1061
  1285       -0.1140
  1286       -0.0151
  1287       -0.0709
  1288       -0.1965
  1289       -0.1001
  1290       -0.0816
  1291       -0.0140
  1292       -0.0660
  1293       -0.1737
  1294       -0.0676
  1295       -0.0375
  1296       -0.1953
  1297       -0.2611
  1298       -0.0479
  1299       -0.1192
  1300       -0.0293
  1301       -0.0204
  1302       -0.1533
  1303       -0.0763
  1304       -0.0250
  1305       -0.0032
  1306        0.0949
  1307       -0.0035
  1308       -0.0083
  1309       -0.2466
  1310       -0.0867
  1311        0.1493
  1312        0.0136
  1313       -0.1310
  1314        0.1654
  1315        0.0735
  1316        0.1106
  1317        0.0059
  1318        0.0610
  1319       -0.0260
  1320       -0.0797
  1321        0.0818
  1322       -0.0550
  1323       -0.0645
  1324        0.0238
  1325        0.1140
  1326        0.0615
  1327       -0.0592
  1328       -0.0420
  1329       -0.1267
  1330       -0.1766
  1331        0.1478
  1332       -0.1647
  1333       -0.1783
  1334       -0.1831
  1335       -0.1763
  1336       -0.1463
  1337       -0.1115
  1338       -0.1442
  1339       -0.2077
  1340       -0.3599
  1341       -0.3162
  1342       -0.2614
  1343       -0.1632
  1344       -0.1503
  1345       -0.3294
  1346       -0.2586
  1347       -0.2598
  1348       -0.3093
  1349       -0.3566
  1350       -0.3038
  1351       -0.2343
  1352       -0.2431
  1353       -0.0966
  1354       -0.0390
  1355       -0.0741
  1356       -0.0252
  1357       -0.0860
  1358       -0.1269
  1359       -0.0588
  1360       -0.1699
  1361       -0.1264
  1362       -0.0004
  1363       -0.1502
  1364       -0.0644
  1365       -0.0082
  1366        0.2409
  1367       -0.0757
  1368        0.1535
  1369       -0.1374
  1370       -0.0016
  1371        0.0958
  1372        0.1388
  1373       -0.0005
  1374        0.0498
  1375       -0.0755
  1376       -0.0448
  1377       -0.1165
  1378       -0.0739
  1379       -0.0448
  1380       -0.0827
  1381        0.0524
  1382        0.0414
  1383        0.0572
  1384       -0.1815
  1385       -0.0849
  1386       -0.0963
  1387       -0.0378
  1388        0.1176
  1389        0.0541
  1390        0.0196
  1391        0.0213
  1392       -0.0208
  1393        0.0110
  1394       -0.0645
  1395        0.0407
  1396        0.0467
  1397       -0.0252
  1398       -0.0118
  1399       -0.1676
  1400       -0.3050
  1401       -0.2393
  1402       -0.1325
  1403       -0.0922
  1404       -0.2166
  1405       -0.1519
  1406       -0.0497
  1407       -0.1131
  1408       -0.1025
  1409       -0.0862
  1410       -0.1094
  1411       -0.0758
  1412       -0.1788
  1413       -0.1573
  1414       -0.1377
  1415       -0.0898
  1416       -0.0029
  1417       -0.0810
  1418       -0.1056
  1419       -0.1469
  1420       -0.1645
  1421       -0.2864
  1422       -0.1412
  1423       -0.0798
  1424       -0.0156
  1425       -0.1270
  1426       -0.0738
  1427       -0.2083
  1428       -0.1544
  1429       -0.1818
  1430       -0.1222
  1431       -0.2006
  1432       -0.1769
  1433       -0.0456
  1434       -0.0966
  1435       -0.0317
  1436       -0.0292
  1437       -0.0092
  1438       -0.1454
  1439       -0.1760
  1440       -0.0401
  1441        0.0145
  1442       -0.0929
  1443       -0.0197
  1444       -0.0303
  1445       -0.1909
  1446       -0.1942
  1447       -0.1109
  1448       -0.1883
  1449       -0.2336
  1450       -0.2507
  1451       -0.2004
  1452       -0.1489
  1453       -0.2377
  1454       -0.3174
  1455       -0.3156
  1456       -0.3541
  1457       -0.3271
  1458       -0.4127
  1459       -0.3869
  1460       -0.3424
  1461       -0.3898
  1462       -0.4592
  1463       -0.3307
  1464       -0.4558
  1465       -0.3816
  1466       -0.3391
  1467       -0.3471
  1468       -0.3997
  1469       -0.3149
  1470       -0.2816
  1471       -0.4147
  1472       -0.4002
  1473       -0.3535
  1474       -0.1534
  1475       -0.3244
  1476       -0.2408
  1477       -0.1931
  1478       -0.2002
  1479       -0.1355
  1480       -0.1517
  1481       -0.1324
  1482       -0.2558
  1483       -0.1862
  1484       -0.0910
  1485       -0.0905
  1486       -0.1734
  1487       -0.1706
  1488       -0.1060
  1489       -0.0795
  1490       -0.0998
  1491       -0.0726
  1492       -0.2722
  1493       -0.0811
  1494       -0.1299
  1495       -0.2237
  1496       -0.3081
  1497       -0.3461
  1498       -0.2330
  1499       -0.2188
  1500       -0.1909
  1501       -0.2037
  1502       -0.2590
  1503       -0.1080
  1504       -0.0961
  1505       -0.1772
  1506       -0.1731
  1507       -0.0660
  1508       -0.0425
  1509       -0.0116
  1510        0.0631
  1511        0.0312
  1512       -0.0558
  1513       -0.1669
  1514       -0.1227
  1515       -0.1593
  1516       -0.0742
  1517       -0.1329
  1518       -0.2630
  1519       -0.2059
  1520       -0.1440
  1521       -0.0991
  1522       -0.2316
  1523       -0.1205
  1524       -0.1071
  1525       -0.0462
  1526       -0.0881
  1527       -0.0330
  1528       -0.1955
  1529       -0.1729
  1530       -0.0453
  1531       -0.0175
  1532       -0.0773
  1533       -0.1581
  1534       -0.1611
  1535       -0.0594
  1536       -0.1120
  1537       -0.1575
  1538       -0.1959
  1539       -0.0593
  1540       -0.1438
  1541       -0.1791
  1542       -0.1116
  1543       -0.1946
  1544       -0.1721
  1545       -0.1334
  1546       -0.0665
  1547       -0.2191
  1548       -0.2098
  1549       -0.2243
  1550       -0.1646
  1551       -0.1470
  1552       -0.1621
  1553       -0.1786
  1554       -0.0519
  1555       -0.0548
  1556       -0.0302
  1557       -0.1183
  1558       -0.1991
  1559       -0.1053
  1560       -0.1362
  1561       -0.1681
  1562       -0.0907
  1563        0.0043
  1564        0.0389
  1565       -0.0172
  1566        0.0215
  1567       -0.1093
  1568       -0.0292
  1569       -0.0672
  1570       -0.0669
  1571       -0.0807
  1572       -0.1587
  1573       -0.1726
  1574       -0.0203
  1575       -0.1263
  1576       -0.1142
  1577       -0.2237
  1578       -0.2936
  1579       -0.2946
  1580       -0.2330
  1581       -0.1756
  1582       -0.0916
  1583       -0.1285
  1584       -0.1115
  1585       -0.1256
  1586       -0.1987
  1587       -0.2824
  1588       -0.2267
  1589       -0.2386
  1590       -0.2972
  1591       -0.2983
  1592       -0.2028
  1593       -0.1596
  1594       -0.1782
  1595       -0.2243
  1596       -0.1670
  1597       -0.1475
  1598       -0.1555
  1599       -0.1553
  1600       -0.1291
  1601       -0.3665
  1602       -0.1940
  1603       -0.2505
  1604       -0.2675
  1605       -0.1682
  1606       -0.2634
  1607       -0.1988
  1608       -0.2232
  1609       -0.1522
  1610       -0.1022
  1611       -0.2316
  1612       -0.1924
  1613       -0.1243
  1614       -0.2259
  1615       -0.2077
  1616       -0.1432
  1617       -0.0625
  1618       -0.0800
  1619       -0.0348
  1620       -0.0334
  1621       -0.0749
  1622       -0.1648
  1623       -0.2486
  1624       -0.1891
  1625       -0.2482
  1626       -0.3437
  1627       -0.2519
  1628       -0.1659
  1629       -0.1786
  1630       -0.1183
  1631       -0.2605
  1632       -0.0728
  1633       -0.1560
  1634       -0.0239
  1635        0.0032
  1636        0.0859
  1637       -0.0890
  1638       -0.1493
  1639       -0.1382
  1640       -0.0220
  1641       -0.2810
  1642       -0.3824
  1643       -0.1925
  1644       -0.2555
  1645       -0.2074
  1646       -0.2001
  1647       -0.2062
  1648       -0.1489
  1649       -0.1643
  1650       -0.1075
  1651       -0.1179
  1652       -0.0613
  1653       -0.0817
  1654       -0.1301
  1655       -0.0401
  1656       -0.0172
  1657       -0.0239
  1658       -0.0575
  1659       -0.1004
  1660       -0.1208
  1661       -0.0950
  1662       -0.0996
  1663       -0.1960
  1664       -0.2969
  1665       -0.2581
  1666       -0.1319
  1667       -0.3286
  1668       -0.2631
  1669       -0.3050
  1670       -0.2078
  1671       -0.1667
  1672       -0.2941
  1673       -0.3830
  1674       -0.3054
  1675       -0.2934
  1676       -0.3448
  1677       -0.1950
  1678       -0.2991
  1679       -0.2983
  1680       -0.3388
  1681       -0.1252
  1682       -0.1760
  1683       -0.2640
  1684       -0.2554
  1685       -0.2782
  1686       -0.2468
  1687       -0.1637
  1688       -0.2444
  1689       -0.0717
  1690       -0.0567
  1691       -0.0719
  1692       -0.1599
  1693       -0.0952
  1694       -0.0628
  1695       -0.2248
  1696       -0.3720
  1697       -0.2587
  1698       -0.3468
  1699       -0.3621
  1700       -0.3927
  1701       -0.3152
  1702       -0.1723
  1703       -0.1893
  1704       -0.2364
  1705       -0.3622
  1706       -0.2691
  1707       -0.1455
  1708       -0.1721
  1709       -0.1957
  1710       -0.1763
  1711       -0.2370
  1712       -0.2553
  1713       -0.2109
  1714       -0.2645
  1715       -0.1871
  1716       -0.2572
  1717       -0.2411
  1718       -0.1454
  1719       -0.1613
  1720       -0.0842
  1721       -0.0964
  1722       -0.0767
  1723        0.0566
  1724       -0.0283
  1725       -0.2729
  1726       -0.0632
  1727       -0.0140
  1728       -0.1903
  1729       -0.0497
  1730       -0.1024
  1731       -0.1655
  1732       -0.2519
  1733       -0.1764
  1734       -0.2571
  1735       -0.1207
  1736       -0.1128
  1737       -0.1172
  1738       -0.1414
  1739       -0.0928
  1740       -0.0822
  1741       -0.0810
  1742       -0.2249
  1743       -0.2513
  1744       -0.2748
  1745       -0.1989
  1746       -0.2549
  1747       -0.1805
  1748       -0.0575
  1749       -0.0065
  1750       -0.1207
  1751       -0.1382
  1752       -0.1447
  1753       -0.1487
  1754       -0.1156
  1755       -0.1557
  1756       -0.0325
  1757       -0.1712
  1758       -0.1395
  1759       -0.0213
  1760        0.0371
  1761       -0.1444
  1762       -0.0367
  1763       -0.1662
  1764       -0.2313
  1765       -0.0765
  1766       -0.0484
  1767        0.0220
  1768       -0.0626
  1769       -0.2190
  1770        0.0907
  1771        0.0119
  1772        0.1219
  1773       -0.0413
  1774        0.0441
  1775        0.0518
  1776       -0.0107
  1777       -0.1124
  1778       -0.0857
  1779       -0.1835
  1780       -0.2063
  1781       -0.0588
  1782       -0.2514
  1783       -0.0905
  1784       -0.1281
  1785       -0.2666
  1786       -0.2665
  1787       -0.2623
  1788       -0.1198
  1789       -0.1659
  1790       -0.2650
  1791       -0.0621
  1792       -0.0180
  1793       -0.0781
  1794        0.0274
  1795       -0.1171
  1796       -0.0980
  1797       -0.1919
  1798       -0.0965
  1799       -0.1796
  1800       -0.0763
  1801       -0.0982
  1802       -0.1684
  1803       -0.2545
  1804       -0.0323
  1805       -0.1816
  1806       -0.0499
  1807       -0.1415
  1808       -0.0786
  1809       -0.1619
  1810       -0.1305
  1811       -0.1267
  1812       -0.2387
  1813       -0.2565
  1814       -0.2743
  1815       -0.2621
  1816       -0.3245
  1817       -0.3402
  1818       -0.2586
  1819       -0.3177
  1820       -0.4422
  1821       -0.2107
  1822       -0.2169
  1823       -0.2474
  1824       -0.2693
  1825       -0.2052
  1826       -0.0549
  1827       -0.1489
  1828       -0.1094
  1829       -0.1638
  1830       -0.1404
  1831       -0.1190
  1832       -0.2368
  1833       -0.1191
  1834        0.0638
  1835       -0.3069
  1836       -0.2141
  1837       -0.3697
  1838       -0.4252
  1839       -0.2162
  1840       -0.3749
  1841       -0.1978
  1842       -0.3642
  1843       -0.2448
  1844       -0.2453
  1845       -0.3124
  1846       -0.0881
  1847       -0.2759
  1848       -0.2038
  1849       -0.2972
  1850       -0.2455
  1851       -0.2872
  1852       -0.1358
  1853       -0.2268
  1854       -0.2551
  1855       -0.1701
  1856       -0.0968
  1857       -0.1601
  1858       -0.2574
  1859       -0.1255
  1860       -0.2864
  1861       -0.1947
  1862       -0.1915
  1863       -0.1367
  1864       -0.3887
  1865       -0.1396
  1866       -0.1970
  1867       -0.2029
  1868       -0.1670
  1869       -0.2328
  1870       -0.3898
  1871       -0.3276
  1872       -0.2358
  1873       -0.2087
  1874       -0.2574
  1875       -0.2360
  1876       -0.1891
  1877       -0.0140
  1878       -0.0873
  1879       -0.2959
  1880       -0.2368
  1881       -0.1977
  1882       -0.2036
  1883       -0.2489
  1884       -0.2125
  1885       -0.1896
  1886       -0.1084
  1887       -0.3265
  1888       -0.1694
  1889       -0.1339
  1890       -0.3107
  1891       -0.1754
  1892       -0.3186
  1893       -0.3236
  1894       -0.1970
  1895       -0.1578
  1896       -0.0804
  1897       -0.0537
  1898       -0.2195
  1899       -0.3486
  1900       -0.1253
  1901       -0.1575
  1902       -0.3663
  1903       -0.2350
  1904       -0.3851
  1905       -0.1992
  1906       -0.1297
  1907       -0.3465
  1908       -0.3620
  1909       -0.4112
  1910       -0.2769
  1911       -0.2118
  1912       -0.3256
  1913       -0.2291
  1914       -0.1748
  1915       -0.1072
  1916       -0.1957
  1917       -0.3189
  1918       -0.2135
  1919       -0.0827
  1920       -0.1871
  1921       -0.1561
  1922       -0.2796
  1923       -0.0435
  1924       -0.0680
  1925       -0.1643
  1926        0.1192
  1927       -0.0324
  1928        0.0683
  1929       -0.1697
  1930        0.1527
  1931       -0.0173
  1932        0.0244
  1933       -0.1145
  1934        0.0743
  1935        0.1327
  1936        0.1070
  1937        0.2402
  1938        0.1882
  1939        0.1672
  1940        0.0030
  1941        0.1622
  1942        0.1041
  1943        0.1620
  1944        0.2781
  1945        0.1359
  1946        0.1362
  1947        0.2252
  1948        0.1651
  1949       -0.0043
  1950        0.0566
  1951       -0.0199
  1952        0.0914
  1953        0.0276
  1954        0.0750
  1955        0.1139
  1956       -0.0657
  1957        0.1289
  1958        0.2643
  1959        0.1892
  1960        0.2596
  1961        0.1650
  1962        0.0818
  1963        0.1379
  1964        0.1079
  1965        0.0402
  1966        0.2413
  1967        0.1022
  1968        0.1728
  1969        0.1892
  1970        0.1331
  1971       -0.1076
  1972        0.0387
  1973        0.1063
  1974       -0.1010
  1975        0.0418
  1976        0.0456
  1977        0.1694
  1978        0.0978
  1979        0.2573
  1980        0.1214
